0 64
1 70.1751
2 76.2907
3 82.2879
4 88.1091
5 93.698
6 99.0009
7 103.967
8 108.548
9 112.7
10 116.383
11 119.561
12 122.204
13 124.287
14 125.789
15 126.697
16 127
17 126.697
18 125.789
19 124.287
20 122.204
21 119.561
22 116.383
23 112.7
24 108.548
25 103.967
26 99.0009
27 93.698
28 88.1091
29 82.2879
30 76.2907
31 70.1751
32 64
33 57.8249
34 51.7093
35 45.7121
36 39.8909
37 34.302
38 28.9991
39 24.0332
40 19.4523
41 15.3003
42 11.6174
43 8.43896
44 5.79559
45 3.71276
46 2.21053
47 1.30336
48 1
49 1.30336
50 2.21053
51 3.71276
52 5.79559
53 8.43896
54 11.6174
55 15.3003
56 19.4523
57 24.0332
58 28.9991
59 34.302
60 39.8909
61 45.7121
62 51.7093
63 57.8249
64 64
65 70.1751
66 76.2907
67 82.2879
68 88.1091
69 93.698
70 99.0009
71 103.967
72 108.548
73 112.7
74 116.383
75 119.561
76 122.204
77 124.287
78 125.789
79 126.697
80 127
81 126.697
82 125.789
83 124.287
84 122.204
85 119.561
86 116.383
87 112.7
88 108.548
89 103.967
90 99.0009
91 93.698
92 88.1091
93 82.2879
94 76.2907
95 70.1751
96 64
97 57.8249
98 51.7093
99 45.7121
100 39.8909
101 34.302
102 28.9991
103 24.0332
104 19.4523
105 15.3003
106 11.6174
107 8.43896
108 5.79559
109 3.71276
110 2.21053
111 1.30336
112 1
113 1.30336
114 2.21053
115 3.71276
116 5.79559
117 8.43896
118 11.6174
119 15.3003
120 19.4523
121 24.0332
122 28.9991
123 34.302
124 39.8909
125 45.7121
126 51.7093
127 57.8249
128 64
129 70.1751
130 76.2907
131 82.2879
132 88.1091
133 93.698
134 99.0009
135 103.967
136 108.548
137 112.7
138 116.383
139 119.561
140 122.204
141 124.287
142 125.789
143 126.697
144 127
145 126.697
146 125.789
147 124.287
148 122.204
149 119.561
150 116.383
151 112.7
152 108.548
153 103.967
154 99.0009
155 93.698
156 88.1091
157 82.2879
158 76.2907
159 70.1751
160 64
161 57.8249
162 51.7093
163 45.7121
164 39.8909
165 34.302
166 28.9991
167 24.0332
168 19.4523
169 15.3003
170 11.6174
171 8.43896
172 5.79559
173 3.71276
174 2.21053
175 1.30336
176 1
177 1.30336
178 2.21053
179 3.71276
180 5.79559
181 8.43896
182 11.6174
183 15.3003
184 19.4523
185 24.0332
186 28.9991
187 34.302
188 39.8909
189 45.7121
190 51.7093
191 57.8249
192 64
193 70.1751
194 76.2907
195 82.2879
196 88.1091
197 93.698
198 99.0009
199 103.967
200 108.548
201 112.7
202 116.383
203 119.561
204 122.204
205 124.287
206 125.789
207 126.697
208 127
209 126.697
210 125.789
211 124.287
212 122.204
213 119.561
214 116.383
215 112.7
216 108.548
217 103.967
218 99.0009
219 93.698
220 88.1091
221 82.2879
222 76.2907
223 70.1751
224 64
225 57.8249
226 51.7093
227 45.7121
228 39.8909
229 34.302
230 28.9991
231 24.0332
232 19.4523
233 15.3003
234 11.6174
235 8.43896
236 5.79559
237 3.71276
238 2.21053
239 1.30336
240 1
241 1.30336
242 2.21053
243 3.71276
244 5.79559
245 8.43896
246 11.6174
247 15.3003
248 19.4523
249 24.0332
250 28.9991
251 34.302
252 39.8909
253 45.7121
254 51.7093
255 57.8249
