0 64
1 70
2 76
3 82
4 88
5 94
6 99
7 104
8 109
9 113
10 116
11 120
12 122
13 124
14 126
15 127
16 127
17 127
18 126
19 124
20 122
21 120
22 116
23 113
24 109
25 104
26 99
27 94
28 88
29 82
30 76
31 70
32 64
33 58
34 52
35 46
36 40
37 34
38 29
39 24
40 19
41 15
42 12
43 8
44 6
45 4
46 2
47 1
48 1
49 1
50 2
51 4
52 6
53 8
54 12
55 15
56 19
57 24
58 29
59 34
60 40
61 46
62 52
63 58
64 64
65 70
66 76
67 82
68 88
69 94
70 99
71 104
72 109
73 113
74 116
75 120
76 122
77 124
78 126
79 127
80 127
81 127
82 126
83 124
84 122
85 120
86 116
87 113
88 109
89 104
90 99
91 94
92 88
93 82
94 76
95 70
96 64
97 58
98 52
99 46
100 40
101 34
102 29
103 24
104 19
105 15
106 12
107 8
108 6
109 4
110 2
111 1
112 1
113 1
114 2
115 4
116 6
117 8
118 12
119 15
120 19
121 24
122 29
123 34
124 40
125 46
126 52
127 58
128 64
129 70
130 76
131 82
132 88
133 94
134 99
135 104
136 109
137 113
138 116
139 120
140 122
141 124
142 126
143 127
144 127
145 127
146 126
147 124
148 122
149 120
150 116
151 113
152 109
153 104
154 99
155 94
156 88
157 82
158 76
159 70
160 64
161 58
162 52
163 46
164 40
165 34
166 29
167 24
168 19
169 15
170 12
171 8
172 6
173 4
174 2
175 1
176 1
177 1
178 2
179 4
180 6
181 8
182 12
183 15
184 19
185 24
186 29
187 34
188 40
189 46
190 52
191 58
192 64
193 70
194 76
195 82
196 88
197 94
198 99
199 104
200 109
201 113
202 116
203 120
204 122
205 124
206 126
207 127
208 127
209 127
210 126
211 124
212 122
213 120
214 116
215 113
216 109
217 104
218 99
219 94
220 88
221 82
222 76
223 70
224 64
225 58
226 52
227 46
228 40
229 34
230 29
231 24
232 19
233 15
234 12
235 8
236 6
237 4
238 2
239 1
240 1
241 1
242 2
243 4
244 6
245 8
246 12
247 15
248 19
249 24
250 29
251 34
252 40
253 46
254 52
255 58
