0 0
1 0.175079
2 0.290688
3 0.287933
4 0.109055
5 0.302002
6 0.000923157
7 0.033226
8 0.452271
9 0.300339
10 0.382584
11 0.438957
12 0.204407
13 0.287239
14 0.210526
15 0.30336
16 0
17 0.30336
18 0.210526
19 0.287239
20 0.204407
21 0.438957
22 0.382584
23 0.300339
24 0.452271
25 0.033226
26 0.000923157
27 0.302002
28 0.109055
29 0.287933
30 0.290688
31 0.175079
32 0
33 0.175079
34 0.290691
35 0.287933
36 0.109055
37 0.302006
38 0.000925064
39 0.0332222
40 0.452272
41 0.300342
42 0.382586
43 0.43896
44 0.204411
45 0.287241
46 0.210527
47 0.303362
48 0
49 0.303362
50 0.210527
51 0.287241
52 0.204411
53 0.43896
54 0.382586
55 0.300342
56 0.452272
57 0.0332222
58 0.000925064
59 0.302006
60 0.109055
61 0.287933
62 0.290691
63 0.175079
64 0
65 0.175079
66 0.290688
67 0.287933
68 0.109055
69 0.302002
70 0.000923157
71 0.033226
72 0.452271
73 0.300339
74 0.382584
75 0.438957
76 0.204407
77 0.287239
78 0.210526
79 0.30336
80 0
81 0.30336
82 0.210526
83 0.287239
84 0.204407
85 0.438957
86 0.382584
87 0.300339
88 0.452271
89 0.033226
90 0.000923157
91 0.302002
92 0.109055
93 0.287933
94 0.290688
95 0.175079
96 0
97 0.175079
98 0.290691
99 0.287933
100 0.109055
101 0.302006
102 0.000925064
103 0.0332222
104 0.452272
105 0.300342
106 0.382586
107 0.43896
108 0.204411
109 0.287241
110 0.210527
111 0.303362
112 0
113 0.303362
114 0.210527
115 0.287241
116 0.204411
117 0.43896
118 0.382586
119 0.300342
120 0.452272
121 0.0332222
122 0.000925064
123 0.302006
124 0.109055
125 0.287933
126 0.290691
127 0.175079
128 0
129 0.175079
130 0.290688
131 0.287933
132 0.109055
133 0.302002
134 0.000923157
135 0.033226
136 0.452271
137 0.300339
138 0.382584
139 0.438957
140 0.204407
141 0.287239
142 0.210526
143 0.30336
144 0
145 0.30336
146 0.210526
147 0.287239
148 0.204407
149 0.438957
150 0.382584
151 0.300339
152 0.452271
153 0.033226
154 0.000923157
155 0.302002
156 0.109055
157 0.287933
158 0.290688
159 0.175079
160 0
161 0.175079
162 0.290691
163 0.287933
164 0.109055
165 0.302006
166 0.000925064
167 0.0332222
168 0.452272
169 0.300342
170 0.382586
171 0.43896
172 0.204411
173 0.287241
174 0.210527
175 0.303362
176 0
177 0.303362
178 0.210527
179 0.287241
180 0.204411
181 0.43896
182 0.382586
183 0.300342
184 0.452272
185 0.0332222
186 0.000925064
187 0.302006
188 0.109055
189 0.287933
190 0.290691
191 0.175079
192 0
193 0.175079
194 0.290688
195 0.287933
196 0.109055
197 0.302002
198 0.000923157
199 0.033226
200 0.452271
201 0.300339
202 0.382584
203 0.438957
204 0.204407
205 0.287239
206 0.210526
207 0.30336
208 0
209 0.30336
210 0.210526
211 0.287239
212 0.204407
213 0.438957
214 0.382584
215 0.300339
216 0.452271
217 0.033226
218 0.000923157
219 0.302002
220 0.109055
221 0.287933
222 0.290688
223 0.175079
224 0
225 0.175079
226 0.290691
227 0.287933
228 0.109055
229 0.302006
230 0.000925064
231 0.0332222
232 0.452272
233 0.300342
234 0.382586
235 0.43896
236 0.204411
237 0.287241
238 0.210527
239 0.303362
240 0
241 0.303362
242 0.210527
243 0.287241
244 0.204411
245 0.43896
246 0.382586
247 0.300342
248 0.452272
249 0.0332222
250 0.000925064
251 0.302006
252 0.109055
253 0.287933
254 0.290691
255 0.175079
